2.80979333083246
2.754257825945259
2.706981822856241
2.6758202139504315
2.6375470433569195
2.5986079606436423
2.562792055697934
2.5275013982194925
2.5058230356665496
2.4644437252253493
2.4111585682633114
2.372857360784799
2.2907311379448974
2.216247320979153
2.166633559726528
2.1117891256076047
2.0652181348560386
2.0429582721113375
2.00884678196376
1.970610984155733
1.9316908482867667
1.9171754718937275
1.8676330885889207
1.8352228564969608
1.7606481988713618
1.6872011481074356
1.605292824784108
1.591607013136842
1.5298981615526193
1.5081218237339087
1.4784259127633521
1.4607048651440389
1.4295851644385134
1.3930189553046393
1.3559310528597783
1.2831173543269891
1.213521882345887
1.1789036020987265
1.147569705278146
1.1189480660400422
1.0956581870497997
1.0786029643997204
1.0718279437028326
1.035030844897268
0.9964595471076609
0.939883922622461
0.9227555152409367
0.9073983587832446
0.8793885789201026
0.8675814744772841
