2.7316360580076022
2.6412309398598746
0.938974701407606
1.3053200187764595
2.4114801721892736
1.1345125696340197
0.952001126023529
2.448633423861784
1.6463320045846999
0.9189647636085357
2.55942309865718
1.1998782662741707
1.3754957941204538
1.4185094321197305
0.9369552829824406
1.4978742665575595
1.1641818468366893
1.2606329345542102
1.5455838516199258
1.4509709949126426
2.207100519074354
1.9958110168072014
2.054955428160721
0.9550441183345308
2.1337134941281675
1.5897747759282885
0.9622606803520555
1.2426781061649053
0.9304590787448972
