0.9348556372426946
0.9462011931784409
4.824199734686654
2.4884380869750764
1.0508632842942858
3.084550611931351
4.7182299198937105
0.9942553282187
1.8109624906649486
4.599434487582479
0.9924012925386659
2.69029893040555
2.195191557419549
2.09309489111259
4.590255597886789
1.9917874471441914
2.771033171740922
2.5278230334892573
1.908165810641293
2.025325412809849
1.0919651808050657
1.2486875418042307
1.199924283851653
4.439699793941606
1.1133133996511775
1.7396615741693204
4.313600491920045
2.3909643858557694
4.200514121318941
