0.004633536666226903
0.06125243073050999
0.12991089184763338
0.20514839466346158
0.28521632172315076
0.3681823829473717
0.4520054829635829
0.5361041582742346
0.6205712421629971
0.7067444057158402
0.7969282191942942
0.8000675908579207
0.858430499766866
0.935171785592639
1.0205375358747646
1.114060191857109
1.2054317944680248
1.3024035637553064
1.3995631775958297
1.4991850894692091
1.5974561834330303
1.5984110293714753
1.6714458515038484
1.7621034929830743
1.8584994317208416
1.967213576297181
2.0675593354942117
2.1774993723007534
2.2804064011131744
2.3922625167138274
2.3948697699684014
2.452094931305862
2.530465392158344
2.6048773587317338
2.6815858205126917
2.7585346960296495
2.855735107979936
2.9531798021850224
3.0608906576866257
3.16901914371834
3.185435047907925
3.255801019205753
3.3452451081065537
3.442459008576744
3.5402751327358906
3.642876457231977
3.7478796873876528
3.8567245988790497
3.8997162582685867
4.001822255124187
