2.0013772630557396
1.9644328279651324
1.9273043133716952
1.8884549443922032
1.850015539138323
1.8102642750738809
1.7734926167843774
1.735225881280072
1.6950509866530317
1.655627142770552
1.617955001193539
1.576749469497783
1.536098892720909
1.4928930134862548
1.4503764114733637
1.4071095743885391
1.3632635648649172
1.3210990556711817
1.2803482298648512
1.2356241044048968
1.193055166927652
1.146015059232785
1.1012105788312778
1.0537867086525927
1.0068402416236402
0.9619464483040419
0.9153173523035385
0.869598076759391
0.8219163123547558
0.779488750800747
0.7339080790246214
0.6923491428427532
0.651549794102193
0.6088166623762077
0.5694107890486735
0.5273676381218109
0.4885498403577486
0.4492505742649411
0.40976128930137423
0.3713337242633449
0.33395274454086765
0.2951317409601052
0.25836071226623963
0.22194523025484966
0.18403013369020335
0.14767570146574985
0.11107514761335012
0.07465738593612123
0.037923664242472045
0.001449736588008473
