0.046008279677195445
0.18398055180725914
0.31523944753630395
0.44333892767382127
0.5801825402666873
0.713491390445495
0.8392904959665446
0.9658837311581141
1.0874578585035994
1.205695670896607
1.3239491858061174
1.4399998028364602
1.5576570738206041
1.6725379331190793
1.7742949328534365
1.8905605948165236
1.993312502492439
2.0937966546071505
2.1927274831150467
2.2919467991626004
2.382757921826442
2.4744793392254967
2.567404174258677
2.6518546504270484
2.734701729364568
2.8104624237138927
2.8861044493969583
2.9617444479483797
3.0377554800780553
3.112547874730915
3.177177580500411
3.2431532081476684
3.3152218648640766
3.387280990250768
3.456265819008932
3.511623997142502
3.568980352804946
3.6222345676799996
3.675804919626658
3.720581585762095
3.7653354008216633
3.8070977678668267
3.853785895465486
3.9018335938868494
3.9398555419680874
3.9723984019093628
3.9948780907515142
4.047490651286972
4.098074978706925
4.104851193239573
