2.0460082796771952
2.0448641301102954
2.041461241393009
2.0360840923331005
2.028229129137156
2.0180502804932274
2.006295602452656
1.9926980708299127
1.9773455268276603
1.9601313610837547
1.9412342326360925
1.9207582784688977
1.898144694686053
1.8744924623870498
1.8485094122732566
1.822791398387266
1.7943709561505814
1.7645602980336759
1.7341591660753946
1.7024854516671966
1.6696607916864614
1.6355527315977332
1.6002980712556072
1.5648769952521966
1.5285462784918413
1.4925280687169222
1.4568774579133037
1.4210008710017246
1.3775628707249796
1.3359743564287287
1.2924087176567782
1.2458395511413864
1.2021722534346577
1.1543496848369146
1.1034200896804336
1.0477805404263798
0.9993108049202717
0.945898886572184
0.8967373057714544
0.8409226321888853
0.7867139610678364
0.7304827308920545
0.6706116984466653
0.6102020100606854
0.5418128243846165
0.47843507651179257
0.40384589320764985
0.3434571256453425
0.2816561514434512
0.20471381599939614
