2.044081966265775
2.0326870535405495
2.0196412675118083
2.0072150275304326
1.9928202594553157
1.9763988170570752
1.957831946177461
1.9371846913509132
1.914755860913832
1.8893080174274988
1.8628318602218434
1.8343800318708592
1.8041948576465747
1.7740741977653922
1.7423970655133922
1.7097875696416136
1.6772674843858577
1.643804424733752
1.6093537055532432
1.5736595640363022
1.538180832878247
1.5023351264005531
1.4656502081529
1.4283487913361446
1.3903989158207475
1.3519590624220124
1.3122740778223507
1.2720523686129117
1.2312801718736186
1.1895656871616842
1.1469723942318117
1.1033794830075827
1.0587190278533434
1.0133301595858537
0.9665640558688104
0.9189015102918552
0.8704466262697897
0.8213194783025972
0.7708141419588984
0.719654266062919
0.6672795363896868
0.613961540523035
0.5596434411731196
0.5041927250758467
0.44755254449672294
0.38939092786968627
0.33018218010995054
0.26940744608059103
0.20691819145556492
0.20691819145556492
