2.02773925407355
2.026267463465561
2.0220436604554854
2.015202785674522
2.0060046480585747
1.9945994725263094
1.981099432117391
1.9654620931794926
1.9479452340478773
1.9286749894000246
1.9074956271877352
1.8849505367472172
1.8606210554224785
1.8349296414565985
1.8079091341194369
1.7793922089712355
1.7495812963118273
1.7185796861762197
1.6863300144035351
1.6526770415984302
1.6177110425586045
1.5817516008845727
1.5447234720202356
1.5059539599035716
1.4662036193372128
1.4251671827053873
1.3831876339740663
1.3400365464312032
1.295247376140943
1.2492700810082369
1.202944741280437
1.1549767327665459
1.106200442113977
1.0553671861946383
1.0038025498149932
0.9497907960247006
0.8945059200027737
0.8381116565343162
0.7805376373858492
0.7205901965237161
0.6592487302837488
0.596288655954188
0.5318680155186477
0.46569405975258177
0.3980424341356524
0.32801446718943766
0.2564499427773531
0.18254862873611719
0.10650873243805811
0.027820000695057398
