2.000182118072886
1.9987628272955849
1.9944278508385054
1.9875612262968185
1.9783037281407736
1.9666640155247148
1.9531597685237716
1.9375115699865548
1.9195425232670849
1.899790692615989
1.8782318807493028
1.854560277178689
1.8291129078513522
1.8019553534045851
1.773233355143785
1.7430940247756574
1.711861913596482
1.6791221722371406
1.6453814585430813
1.610669316151516
1.5746303441405864
1.5380837024871592
1.4997284910232815
1.4612434936075165
1.4216227972398572
1.3804826573078555
1.3385658371140423
1.29511016163362
1.2511335919644266
1.2050115217999144
1.1583532874006404
1.1103322104293274
1.060815219822896
1.0099680332063803
0.957819065819323
0.9039771482459191
0.8490044878159972
0.792674363992779
0.7352683662086031
0.6763435841960423
0.6160440039065519
0.5543937077265108
0.4913209747552031
0.42648147427457783
0.3604297648741627
0.2926227519184136
0.2227499299800852
0.15114836182962843
0.07703052473612117
0.00014793361751644878
