0.00018211807288607572
0.15496746120404084
0.30409785958395313
0.4508678289716284
0.5924209210604304
0.7306932688590136
0.865205238311457
0.9945589140271396
1.1253215432537196
1.2533531947643264
1.3788983231363092
1.5006489667719218
1.6201215504151376
1.737699797722775
1.851849655132028
1.9633053898776336
2.0707188403112466
2.174299953147945
2.2757313507988197
2.373121953909798
2.4678660504099597
2.5591306830291374
2.647384683319016
2.7327406485434222
2.8154175892346416
2.895199963281942
2.9735088071819464
3.048866619128047
3.122544307947734
3.193170126164616
3.2614612328571235
3.3276409919398406
3.3920734006317566
3.4529815656389893
3.5122374976602897
3.568536143424533
3.6221144700552546
3.67284152445111
3.7203315515484716
3.7649111247851277
3.805709279620004
3.8436338285988776
3.877705147921043
3.908229979808416
3.93482454977821
3.9572689332695234
3.975389948684833
3.988779875093112
3.9971955074334007
4.000147933617517
