0.22197261801955523
0.41344441704913476
0.5872894563757869
0.7576206183652808
0.9197491284870636
1.034687881312188
1.1259020030647116
1.2057879858041738
1.327316875853909
1.4612841058229435
1.549558586135372
1.6180418669238636
1.7853538865391045
1.8635051821205122
1.9971105865234797
2.0439200323905617
2.1539385097357497
2.2568291177531483
2.380060905082562
2.577420354337094
2.5808977477517434
2.626338732509274
2.77402476406947
2.826867595874197
2.8969789755803843
2.9153359690461857
3.0478795450010168
3.10353441046066
3.1880796351643483
3.244197995723181
3.3467665270270337
3.413606687658131
3.492019715436108
3.5141593431746774
3.6273005143607104
3.654605192418609
3.730008872830622
3.787992944202213
3.821732456543121
3.871367687208517
3.916759646067594
3.9715857278884843
3.979606341324926
4.042724472543937
4.071274997719806
4.092922656061537
4.100018236124106
4.128338961136224
4.1308902546692865
4.1324459370814814
