0.0
0.0
0.012694642329289504
0.025503380289945365
0.038462516430320476
0.0515387187640951
0.06474382525553647
0.0780526635529184
0.09158788009872294
0.10543934120669696
0.11945104706848456
0.13368488455054503
0.14831502978537836
0.1630843919016582
0.17817200721467258
0.19340451486304228
0.2091113612438527
0.22531375965679437
0.24202975814912714
0.2587325458211781
0.276079491757031
0.2941863778610925
0.31233004037649936
0.3313752067796305
0.35062732250571016
0.37055492931644246
0.3913998083496154
0.4126955441481126
0.4340185155195847
0.4556689109326676
0.47786806437021795
0.49937368269376553
0.5215827610051116
0.5439266519043234
0.5671931834336531
0.5906464789806262
0.6145623875183354
0.6384263388177819
0.6623543983027993
0.6883318471965935
0.714157223223001
0.7405131929065163
0.7681145693699871
0.7983873676218237
0.8303828216084836
0.8661933618540825
0.9053990531937621
0.9524772464004294
1.0
1.0
