-0.7732342566820906
-0.74630096827704
-0.7113907202773384
-0.672960536299293
-0.6340742502969802
-0.5929071255971048
-0.5496519316738202
-0.5067624425092494
-0.45946589943531085
-0.4579698646922174
-0.42309572327741624
-0.37702299274295215
-0.33194787047781676
-0.2832969754216189
-0.239178104344825
-0.19617276983718226
-0.16085868383495436
-0.12565961526367816
-0.12384283471245379
-0.09138463105226492
-0.04973290467346564
-0.0058177456037758046
0.04005702177086291
0.08630110911767293
0.13398414225763794
0.19369923067646824
0.2417498451372421
0.24287109601442425
0.2666225383130161
0.3066010491539785
0.3468794716792736
0.3870175849005085
0.42903611296679345
0.46837701923036074
0.5107423259982219
0.5540270720342774
0.5943883413921824
0.6326762213313247
0.669371525337209
0.6699797038696144
0.686984619641769
0.7138945150247417
0.745191804352841
0.7778931513376907
0.8122666999487564
0.8481402487575767
0.8814348553185538
0.9180688222586799
0.9592009138034776
1.0001755794812648
