1
0.974427965106945
0.948997679199899
0.9236790026077447
0.8985491357695711
0.8735113573582902
0.8485436156609715
0.8237482477422481
0.7988635886271365
0.7740200500800851
0.7493508859121325
0.724460257990633
0.6997535414646285
0.6750253720924663
0.6505009269403808
0.6261403598847256
0.6020909493769858
0.5781781961124247
0.5545320537346302
0.5306777689313205
0.5072083889663328
0.4837910234007351
0.460360128019061
0.4373601751018565
0.4144470102583797
0.3915099778758051
0.3690317291842393
0.3465142945352533
0.3235587657081235
0.30153432564882654
0.27961790568828515
0.2584947056960196
0.23736464276751934
0.21729444817515783
0.1979308522119716
0.17841104922377637
0.16038637741533257
0.14270346157527022
0.1254356004421614
0.10872487568822176
0.09281401525360333
0.0766386973765878
0.06169798809439597
0.047511294709133955
0.03462661867338268
0.024138225858283624
0.014042194628757665
0.006634861972701911
0.0023158203991034965
0
