6.618205346526348
6.658376538268165
6.698840295178902
6.739659018603684
6.7807645916376265
6.822338193697637
6.864290424824237
6.906586366499285
6.94971841964765
6.9933821706567665
7.038456882201571
7.082837449089793
7.12907066406144
7.175414975137123
7.2226491255059475
7.269695311895429
7.317975344189656
7.366202115475567
7.416007659829954
7.465864612523582
7.516967254320024
7.568516243273438
7.621938458933567
7.676741482057849
7.730180696993186
7.786594965924387
7.8432627928510374
7.903487854743208
7.96405376363561
8.025531027939099
8.088831622694165
8.15289138482544
8.218856627908943
8.285663537415012
8.350641069753882
8.42111614104148
8.490075891644427
8.56133042289579
8.633934162248158
8.710352366283843
8.79028500333306
8.87796626912481
8.965530578601449
9.059476578398492
9.158529837396227
9.261150798931741
9.37026471318007
9.486545917099848
9.606921239042006
9.739022849483959
