0.0
0.0
0.022907132936267227
0.04576022658337231
0.06845823783821559
0.09090271398097782
0.11321641757860401
0.1350392674582198
0.15688036976576203
0.17811127289559614
0.19933560021378482
0.2201786377594518
0.24105075145022792
0.26196074291673177
0.28282153047356484
0.30367899105781715
0.324693332138393
0.3456104565657262
0.36634825924017034
0.3871443249674016
0.40746046185352536
0.42767412809878624
0.447753073406304
0.46741187889118674
0.4868636394651412
0.5062229924564055
0.5255335162529295
0.5456778881066824
0.5651869672103148
0.5846272205450592
0.6045558273628501
0.6241439383225322
0.6436628037535369
0.6632672725991924
0.682327603632213
0.7012419726144495
0.7198338762941205
0.7377995149836147
0.7555354303028811
0.7727004766795933
0.7895130697672639
0.8059331889474236
0.8219396038348483
0.8376906648150235
0.8530217203651738
0.8678092086693361
0.8820559789306339
0.8956872096605468
0.9087519155955843
0.9211652172624787
