1.0
1.0
0.9884800792447629
0.9768519710870361
0.9651641115177172
0.9534659333290425
0.9416918723347866
0.9300326513310058
0.9182154595922669
0.9065807890664813
0.8947985246893376
0.8830749471254115
0.8711769329761734
0.8590921121063028
0.8468639025997242
0.8344585124151966
0.8217704471819408
0.8089434735717161
0.7960224499094417
0.7828509915894585
0.7697658982745823
0.7565222216836818
0.7431331822719909
0.7297863530573954
0.7163353687588369
0.7026926835705596
0.6888152754890606
0.6740342067679634
0.6594035432037693
0.6444942043610173
0.6288435199929708
0.6130710086747438
0.5969398598238043
0.5802867630756432
0.5636243397581291
0.5465876209589369
0.5293072110843375
0.512055158177696
0.49443358471802756
0.47675939772636544
0.45878854631816623
0.4405301477226915
0.4219720324442743
0.40287632740703005
0.38337746365015546
0.36358051560921667
0.3434297905968061
0.3229749066714831
0.3020729786068521
0.28077532430311847
