0.9305552723155165
0.9445941457792324
0.9448947380682549
0.9458015203608026
0.9587483869338035
0.978300285687842
0.9995486526507602
1.0250920707632598
1.0330318904233986
1.0335111017197813
1.0342289146176566
1.0457592160676654
1.0711556195067418
1.0747002329605355
1.0800492441519474
1.103467790396272
1.1206675962934858
1.1365618718769834
1.1557392243410483
1.200537750414302
1.2121111033160101
1.2207370381096143
1.2354671208249797
1.347458543150917
1.4381355526438555
1.4793563739644637
1.606555667259784
1.6745502596976356
