0.890845772393765
0.9333371313761301
0.9950781795151591
1.0604648101755736
1.1232901086506806
1.2084762797209048
1.2942797254091798
1.3746682010786468
1.4539262775312987
1.548048961863636
1.5955703762033662
1.6583598027254507
1.676830456016143
1.6811379399239228
1.692415379241595
1.7642635333104129
1.8168187217809075
1.9170470703980629
1.99745345301606
2.105025976809674
2.1764674015829515
2.2464098138085595
2.3015142197241314
2.439755173709467
2.4675575836258488
2.4779750086751817
2.5230314127760187
2.594045684223728
2.6240942060000347
2.7359978453788925
2.7924374635880227
2.856791512370907
3.008811637077301
3.1139188217690013
3.2103579245648106
3.2636535612795163
3.279913746644589
3.357197311996328
3.4655129764600514
3.5380395698552105
3.620063028173183
3.7432381775281582
3.896800068961179
3.9820123116127673
4.055594991717943
4.107809050840883
4.228524047088842
4.533810891810518
4.690755006060186
4.867581474477284
