2.0046335366662267
1.9864811750928968
1.9748999916063075
1.965556163651426
1.9570940824928864
1.9494968638494088
1.9426348752831588
1.9360985593120845
1.929919701457062
1.9241626792812325
1.9184196171569077
1.3927606780733948
1.3688716937658838
1.355390022334639
1.3444940156529235
1.3345476873907338
1.3254036500221729
1.3181137696326934
1.3109163843386862
1.3022553997700625
1.2955236194803483
0.836160885985069
0.8105333126077281
0.7970407592323536
0.784815219651428
0.7746931072520546
0.7654473543229705
0.7564658592556149
0.7486140439739549
0.7409306785466634
0.3958687840849323
0.3753100570586773
0.3638895128965979
0.3546141892835033
0.34739546681061073
0.3401483755933657
0.33209994817129884
0.32485089978570847
0.31744122317812945
0.3105170670429631
0.11258685089670499
0.09445293896870315
0.08524010215553908
0.07724174686081169
0.07052609448780013
0.0640565546999749
0.057228443960964374
0.0498075871130833
0.00891068820012662
0.004525857660308347
