0.0013772630557396157
0.07687297359504433
0.15230811015210977
0.22923443658284026
0.30501522712745516
0.38462454217172787
0.46003224078583704
0.5362997704832072
0.6171350799302384
0.6957837474285741
0.7768876159503633
0.8569391192278348
0.9347086363909397
1.0209954088835056
1.1059976002942458
1.1936295777999635
1.280697879101963
1.3671571195759085
1.4553339870368418
1.539090813872281
1.63049217370793
1.7195725678959015
1.8083574302137224
1.9050616105269373
1.9958809040263656
2.0859019678351096
2.182389914253238
2.278223845202896
2.367943159138526
2.458455608844795
2.541746781418617
2.625538175546606
2.7069426895334048
2.7879869292991373
2.871696059945138
2.950344608536635
3.0287946889078365
3.110736487718091
3.1870552571063238
3.263171221140629
3.340082873506537
3.4170312621168017
3.490386445922616
3.565613817907762
3.6370912565101743
3.709882301681259
3.782927370414792
3.8561467571385197
3.928860940922971
4.001449736588008
