0.3721044638066245
0.5752458740741674
0.7457365843839602
0.8760502304820702
1.0006730521617886
1.1251610886134842
1.2507076751421724
1.3744379045176536
1.4964193205733407
1.6225482334733912
1.7401251613291144
1.8566410348634523
1.9713142992244075
2.0773807525139643
2.1815683914684607
2.2822337150026604
2.375939902923663
2.4664988737737485
2.5548869786509947
2.6411090543786266
2.7223253093614463
2.8000710409906278
2.8757262318255115
2.948705149620354
3.0187602022743403
3.086381143604147
3.1528251022663705
3.2164539766341824
3.277785797185018
3.337300704508437
3.3946943339408
3.4502318268912706
3.503977182894994
3.5554487105477763
3.60522840002035
3.652802357997512
3.6979404235499986
3.7406517698619584
3.781182392193416
3.8191355818717767
3.8547177196743485
3.887750848048994
3.9179522040723183
3.9455088445716378
3.9701822854777653
3.9919925277690353
4.010555626209621
4.025865644281178
4.037669334932537
4.037669334932537
