0.027805516245911478
0.1827099623154311
0.33091422701034584
0.47497744001094283
0.6155441756808213
0.7529302785881445
0.8875459111085059
1.0184093893055493
1.146740574069663
1.272016619822025
1.3946144474820361
1.5142389264692018
1.6292991457275272
1.7419254936453206
1.8520817367572628
1.9594478413847545
2.063150966673953
2.1648828286638544
2.264073032657996
2.360164318910137
2.4544952388952415
2.5459552998227024
2.635699001399058
2.723247161777354
2.807488783570844
2.88980747629832
2.96972706107848
3.047705108909937
3.1224227279016046
3.195060742596722
3.2651798125213367
3.3324027024306617
3.3968998372649866
3.45960354049818
3.5197302660718996
3.577483302387901
3.6330510634253304
3.6848131144124836
3.734046275474331
3.7803467189357907
3.823521983991682
3.8630846337711717
3.898714473342619
3.930877635072747
3.958956840974691
3.9826645735900263
4.001760728326728
4.015789988069768
4.024764143014773
4.027790988243263
