2.221972618019555
2.2172375378579385
2.2165884412520946
2.205410377107495
2.1965136371221052
2.1851230336469114
2.1697787014658965
2.159727208553209
2.147109272275403
2.1463281277203774
2.119296553109543
2.0839424204315753
2.06786088463436
2.0201264148359237
1.9992049810428814
1.9678786435260585
1.938924306312966
1.9036723145353225
1.8278521692110088
1.824587644409987
1.7438415214942837
1.7055086539653184
1.7037914264563372
1.6365373286968483
1.5978951084500224
1.5120665277284642
1.4881000044108255
1.4384977145698596
1.3993860086083614
1.3325467534585016
1.2758605542829542
1.2490068600544055
1.187759472316572
1.1252330686757455
1.102952667357501
1.0377034849398286
0.9952422740531519
0.9470875417404425
0.899597172643793
0.8477245359840516
0.7850842854798337
0.7205489410156257
0.6455726687043385
0.6051355344048567
0.5436378554144321
0.47169594173293017
0.40105253601826624
0.3185113403872847
0.22235572984075092
0.1324459370814812
