2.124265594932971
2.1002666352219075
2.0989981158704025
2.080509172976013
2.073569710556213
2.061236363927736
2.0462025145558167
2.028228183818329
2.007359260300007
1.990028021193036
1.9679881736818474
1.9469918231027072
1.9313741530823256
1.9119536983615273
1.8946528312409325
1.8616643477402024
1.8344308153118973
1.8027296215471262
1.7702451830780406
1.7405957325302264
1.703344948759669
1.6706431973934994
1.63072294753119
1.5932439974267227
1.5524201058651295
1.5106613567003535
1.4571691638704793
1.4101507662174553
1.363385948530511
1.3204980897189034
1.26739433750782
1.2164430486573727
1.1588323382718793
1.1033559961526154
1.0605867390108856
1.017100462476721
0.972127539386315
0.9239777813684602
0.8715824889708929
0.8153066391753997
0.7658739203440776
0.7021970415837759
0.6303984396177365
0.5755357003504086
0.5229226301864895
0.45441819305523456
0.3865364883967509
0.3099272433389428
0.23444055862538526
0.1580654531961158
