0.322155391699414
0.42128300526076057
0.5287321678762806
0.6057455501079065
0.7884757398942075
0.9320552508565719
1.0572228181477306
1.1690979804433803
1.2849315455544579
1.4059451790553972
1.5175730909739586
1.6152444196197833
1.6970509490389705
1.7926866288770391
1.9039971118769452
1.9861466798642786
2.0794201392759675
2.187814241792987
2.2945688812222285
2.3923816209813786
2.489744976242258
2.5924828877491874
2.6621667178379878
2.770643854486509
2.865530960701039
2.954316083798986
3.026682862650259
3.11052338530871
3.1959576524302107
3.2737328705079016
3.3465586629481
3.4295892158123653
3.4874722355863095
3.5580423152666314
3.606290813158112
3.6531717431620847
3.6957268240843018
3.74092932687405
3.783828261865599
3.8349888772657024
3.8704085136269772
3.9311097177892607
3.953599126063571
3.9807356476712044
4.0208736231101465
4.042147795913031
4.056148615864148
4.072310014492833
4.08912514621609
4.09327017363539
