1
1
0.9747732503354258
0.9496436618263229
0.924579737779958
0.8995788293180638
0.8747108588927834
0.8499868911818682
0.8252125801395829
0.8002387722607084
0.7753732783534951
0.7505019496719625
0.7253674677681414
0.7004516208791925
0.6755697821926834
0.6505992046752904
0.6255195739499544
0.6001387823690515
0.5745228451399658
0.5494774386247518
0.5241387902168391
0.4981728691968445
0.4728925523926458
0.4470591141089819
0.42168656166383783
0.3962011586028216
0.3703957068043342
0.344993329540369
0.32033504077465463
0.2963670700163825
0.2726424755299435
0.25063091063010334
0.22897155580958484
0.2081357627280822
0.1873926903939913
0.16760400439751222
0.14856215311556586
0.13073551246071347
0.11400530754272287
0.09713703747188757
0.08170856047957553
0.06733340305557078
0.05377085293846651
0.04064765353445765
0.0287782113412407
0.017917452530304745
0.009016277918794557
0.0022703812066885293
0
0
