0.0
0.0
0.027899895279170583
0.05568220079515065
0.0833132567252265
0.11074264331595156
0.13798531221583432
0.16499131275147252
0.1915381578335681
0.21773351664022417
0.2438291615931553
0.26947577404961276
0.29491177772391886
0.3199682004613627
0.3447030310543022
0.36921918048343816
0.3935748465073967
0.41771820077876703
0.44177422598378413
0.4655907065629057
0.48920963736224554
0.5128081855816412
0.5361019317780504
0.5592949988129623
0.5824741868886752
0.6052287072572617
0.6284670188039683
0.6513325493533313
0.6742439782712315
0.696631772195264
0.7190344794586605
0.7411618153102626
0.7628184808327307
0.7842214238452416
0.8052369099696486
0.8256130072376192
0.8455488050072643
0.8648251383185555
0.8835334750060887
0.9016337936273559
0.9188105380759674
0.9348864686183276
0.9497891514370186
0.9633854875345593
0.9752820805599934
0.98536242261168
0.9931216425550384
0.9981557778561104
1.0
1.0
