1
1
0.985951370363077
0.9717601590969974
0.9574405053690077
0.9430044380133694
0.9284474609713603
0.9137881218041618
0.8991450618039516
0.8844582993974148
0.86958674571444
0.8547070995085903
0.8396953151447739
0.8246503357253074
0.8095041500484712
0.7942172322185351
0.7787394703066631
0.7630832085523573
0.7471454272364954
0.7310330317004111
0.7146959931591574
0.6979912715702135
0.6811006300260994
0.6638561600128734
0.6461687402142494
0.6283082784356331
0.6095353506964052
0.5905021302141531
0.5707504023027653
0.5507887325599476
0.5300631793052556
0.5087614221712742
0.487013001223647
0.46451972633544675
0.4413197140739936
0.4175979836764343
0.3930027926017011
0.36768187476159775
0.34127587241238144
0.31363387312700164
0.2849376456771423
0.25517634020245417
0.22407777381297345
0.1913520814238312
0.15722543834781977
0.12099808437856863
0.08293586344255188
0.04298608141127236
0
0
