0.8518003249309499
0.8438020210244829
0.8396155394439123
0.8361863760358678
0.833324091141741
0.8306418530474347
0.8281790966291037
0.8257890967569518
0.8233984909854333
0.6529538895911056
0.6420523624697223
0.6366586885072005
0.6323109115569636
0.6285182697414698
0.625472704063836
0.6226914226065198
0.620543720879231
0.6185001626441098
0.4532696254436568
0.4419171597837303
0.43539551875992344
0.43031990223630223
0.42582084184974817
0.42165506172478917
0.41771175268208954
0.41303154392346864
0.40946146914719783
0.25697324624780604
0.24420287125884277
0.23569589956572534
0.2285039962226978
0.22225221097150205
0.21642123121704604
0.2116319785784334
0.20572347275887903
0.1999598048144241
0.19477092812670904
0.18861644329714577
0.1825051539655702
0.0818521375773682
0.06651197800208886
0.05448042552728716
0.04492774418039103
0.03667653423648132
0.027892959449698718
0.02014838152355758
0.012982236934081515
0.006657933666377569
0.00184970969697551
0
